                                         SIMULATION RESULTS

Cloudlet|Status |DC|Host|Host PEs |VM|VM PEs   |CloudletLen|CloudletPEs|StartTime|FinishTime|ExecTime
      ID|       |ID|  ID|CPU cores|ID|CPU cores|         MI|  CPU cores|  Seconds|   Seconds| Seconds
-----------------------------------------------------------------------------------------------------
       2|SUCCESS| 2|   0|       32| 2|        2|       2000|          2|        0|         2|       2
       3|SUCCESS| 2|   0|       32| 3|        2|       2000|          2|        0|         2|       2
       0|SUCCESS| 2|   0|       32| 0|        2|       2000|          2|        0|         6|       6
       1|SUCCESS| 2|   0|       32| 1|        2|       2000|          2|        0|         6|       6
      15|SUCCESS| 2|   0|       32| 3|        2|       2000|          2|        2|         8|       6
       8|SUCCESS| 2|   0|       32| 0|        2|       2000|          2|        2|         9|       7
      12|SUCCESS| 2|   0|       32| 0|        2|       2000|          2|        2|         9|       7
       4|SUCCESS| 2|   0|       32| 0|        2|       2000|          2|        0|        10|      10
       5|SUCCESS| 2|   0|       32| 1|        2|       2000|          2|        0|        14|      14
       6|SUCCESS| 2|   0|       32| 2|        2|       4000|          2|        2|        14|      12
      20|SUCCESS| 2|   0|       32| 0|        2|       4000|          2|       14|        17|       4
      16|SUCCESS| 2|   1|       32| 4|        2|       2000|          2|       14|        17|       4
      17|SUCCESS| 2|   1|       32| 5|        2|       2000|          2|       14|        17|       4
      21|SUCCESS| 2|   0|       32| 1|        2|       2000|          2|       14|        19|       6
      23|SUCCESS| 2|   0|       32| 3|        2|       2000|          2|       14|        19|       6
      24|SUCCESS| 2|   1|       32| 4|        2|       4000|          2|       14|        19|       6
      18|SUCCESS| 2|   1|       32| 6|        2|      10000|          2|       14|        24|      11
      25|SUCCESS| 2|   1|       32| 5|        2|      10000|          2|       14|        25|      12
      26|SUCCESS| 2|   1|       32| 6|        2|       2000|          2|       23|        25|       3
      30|SUCCESS| 2|   2|       32|10|        2|       4000|          2|       23|        26|       4
      22|SUCCESS| 2|   0|       32| 2|        2|       4000|          2|       14|        26|      13
       7|SUCCESS| 2|   0|       32| 3|        2|      10000|          2|        2|        28|      26
      11|SUCCESS| 2|   0|       32| 3|        2|      10000|          2|        2|        28|      26
      27|SUCCESS| 2|   1|       32| 7|        2|       4000|          2|       23|        30|       8
      73|SUCCESS| 2|   5|       32|23|        2|       2000|          2|       31|        32|       2
      70|SUCCESS| 2|   4|       32|20|        2|       2000|          2|       31|        34|       4
      95|SUCCESS| 2|   5|       32|22|        2|       2000|          2|       31|        35|       4
      43|SUCCESS| 2|   3|       32|12|        2|       2000|          2|       31|        36|       6
      62|SUCCESS| 2|   3|       32|12|        2|       2000|          2|       31|        36|       6
      47|SUCCESS| 2|   1|       32|16|        2|       2000|          2|       31|        36|       6
      46|SUCCESS| 2|   3|       32|15|        2|       2000|          2|       31|        36|       6
      74|SUCCESS| 2|   0|       32| 0|        2|       2000|          2|       31|        36|       6
      77|SUCCESS| 2|   0|       32| 3|        2|       2000|          2|       31|        36|       6
      66|SUCCESS| 2|   1|       32|16|        2|       2000|          2|       31|        36|       6
      89|SUCCESS| 2|   1|       32|16|        2|       2000|          2|       31|        37|       6
      72|SUCCESS| 2|   5|       32|22|        2|       4000|          2|       31|        36|       6
      39|SUCCESS| 2|   2|       32| 8|        2|       2000|          2|       31|        38|       8
      40|SUCCESS| 2|   2|       32| 9|        2|       2000|          2|       31|        38|       8
      58|SUCCESS| 2|   2|       32| 8|        2|       2000|          2|       31|        38|       8
      57|SUCCESS| 2|   1|       32| 7|        2|       2000|          2|       31|        38|       8
      28|SUCCESS| 2|   2|       32| 8|        2|      10000|          2|       23|        38|      16
      80|SUCCESS| 2|   1|       32| 7|        2|       2000|          2|       31|        38|       8
      29|SUCCESS| 2|   2|       32| 9|        2|      10000|          2|       23|        38|      16
      71|SUCCESS| 2|   5|       32|21|        2|       4000|          2|       31|        38|       8
      54|SUCCESS| 2|   0|       32| 3|        2|       4000|          2|       31|        40|      10
      88|SUCCESS| 2|   3|       32|15|        2|       4000|          2|       31|        41|      10
     137|SUCCESS| 2|   8|       32|33|        2|       2000|          2|       41|        42|       2
     138|SUCCESS| 2|   8|       32|34|        2|       2000|          2|       41|        42|       2
     140|SUCCESS| 2|   8|       32|36|        2|       2000|          2|       41|        42|       2
      49|SUCCESS| 2|   4|       32|18|        2|       4000|          2|       31|        43|      13
      41|SUCCESS| 2|   2|       32|10|        2|       4000|          2|       31|        43|      13
      97|SUCCESS| 2|   5|       32|24|        2|       2000|          2|       41|        44|       4
     102|SUCCESS| 2|   7|       32|29|        2|       2000|          2|       41|        44|       4
     124|SUCCESS| 2|   4|       32|20|        2|       2000|          2|       41|        44|       4
     128|SUCCESS| 2|   5|       32|24|        2|       2000|          2|       41|        44|       4
     126|SUCCESS| 2|   5|       32|22|        2|       4000|          2|       41|        44|       4
     131|SUCCESS| 2|   6|       32|27|        2|       2000|          2|       41|        44|       4
     132|SUCCESS| 2|   6|       32|28|        2|       2000|          2|       41|        44|       4
     135|SUCCESS| 2|   7|       32|31|        2|       2000|          2|       41|        44|       4
     139|SUCCESS| 2|   8|       32|35|        2|       4000|          2|       41|        44|       4
     143|SUCCESS| 2|   9|       32|39|        2|       4000|          2|       41|        44|       4
      38|SUCCESS| 2|   1|       32| 7|        2|       4000|          2|       31|        44|      14
      82|SUCCESS| 2|   2|       32| 9|        2|       4000|          2|       31|        44|      14
      35|SUCCESS| 2|   0|       32| 3|        2|      10000|          2|       23|        45|      23
     108|SUCCESS| 2|   0|       32| 3|        2|       2000|          2|       41|        46|       6
     151|SUCCESS| 2|   2|       32| 8|        2|       2000|          2|       41|        47|       6
     122|SUCCESS| 2|   4|       32|18|        2|       2000|          2|       41|        47|       7
     150|SUCCESS| 2|   1|       32| 7|        2|       2000|          2|       41|        48|       7
      98|SUCCESS| 2|   6|       32|25|        2|       4000|          2|       41|        48|       8
     117|SUCCESS| 2|   3|       32|13|        2|       2000|          2|       41|        48|       8
     121|SUCCESS| 2|   4|       32|17|        2|       2000|          2|       41|        48|       8
     129|SUCCESS| 2|   6|       32|25|        2|       4000|          2|       41|        48|       8
     114|SUCCESS| 2|   2|       32|10|        2|       2000|          2|       41|        49|       9
     112|SUCCESS| 2|   2|       32| 8|        2|       4000|          2|       41|        50|      10
     141|SUCCESS| 2|   9|       32|37|        2|      10000|          2|       41|        50|      10
      93|SUCCESS| 2|   4|       32|20|        2|      16000|          2|       31|        51|      20
     111|SUCCESS| 2|   1|       32| 7|        2|       4000|          2|       41|        51|      11
      19|SUCCESS| 2|   1|       32| 7|        2|      20000|          2|       14|        51|      38
      85|SUCCESS| 2|   3|       32|12|        2|      10000|          2|       31|        52|      22
     104|SUCCESS| 2|   7|       32|31|        2|      10000|          2|       41|        52|      12
      65|SUCCESS| 2|   3|       32|15|        2|      10000|          2|       31|        52|      22
     154|SUCCESS| 2|   2|       32|11|        2|       2000|          2|       41|        53|      12
     152|SUCCESS| 2|   2|       32| 9|        2|       4000|          2|       41|        54|      13
     147|SUCCESS| 2|   0|       32| 3|        2|      10000|          2|       41|        55|      14
     106|SUCCESS| 2|   0|       32| 1|        2|       2000|          2|       41|        54|      14
     101|SUCCESS| 2|   6|       32|28|        2|      16000|          2|       41|        58|      18
      81|SUCCESS| 2|   2|       32| 8|        2|      16000|          2|       31|        58|      28
     120|SUCCESS| 2|   1|       32|16|        2|      20000|          2|       41|        60|      20
     130|SUCCESS| 2|   6|       32|26|        2|      10000|          2|       41|        60|      20
     133|SUCCESS| 2|   7|       32|29|        2|      20000|          2|       41|        62|      22
     119|SUCCESS| 2|   3|       32|15|        2|      16000|          2|       41|        62|      22
      90|SUCCESS| 2|   4|       32|17|        2|      10000|          2|       31|        63|      32
     116|SUCCESS| 2|   3|       32|12|        2|      10000|          2|       41|        64|      24
     155|SUCCESS| 2|   3|       32|12|        2|      10000|          2|       41|        65|      24
      51|SUCCESS| 2|   0|       32| 0|        2|      10000|          2|       31|        65|      34
     113|SUCCESS| 2|   2|       32| 9|        2|      10000|          2|       41|        65|      25
     145|SUCCESS| 2|   0|       32| 1|        2|       4000|          2|       41|        67|      27
      69|SUCCESS| 2|   4|       32|19|        2|      10000|          2|       31|        67|      36
      87|SUCCESS| 2|   3|       32|14|        2|      10000|          2|       31|        68|      37
      92|SUCCESS| 2|   4|       32|19|        2|      10000|          2|       31|        68|      37
      68|SUCCESS| 2|   4|       32|18|        2|      16000|          2|       31|        68|      37
      94|SUCCESS| 2|   5|       32|21|        2|      20000|          2|       31|        70|      39
     146|SUCCESS| 2|   0|       32| 2|        2|       4000|          2|       41|        70|      29
      99|SUCCESS| 2|   6|       32|26|        2|      20000|          2|       41|        70|      30
     136|SUCCESS| 2|   7|       32|32|        2|      30000|          2|       41|        70|      30
     142|SUCCESS| 2|   9|       32|38|        2|      30000|          2|       41|        70|      30
      31|SUCCESS| 2|   2|       32|11|        2|      16000|          2|       23|        70|      48
     100|SUCCESS| 2|   6|       32|27|        2|      30000|          2|       41|        72|      32
      91|SUCCESS| 2|   4|       32|18|        2|      20000|          2|       31|        73|      42
     127|SUCCESS| 2|   5|       32|23|        2|      16000|          2|       41|        72|      32
      59|SUCCESS| 2|   2|       32| 9|        2|      20000|          2|       31|        73|      42
      37|SUCCESS| 2|   1|       32| 6|        2|      10000|          2|       31|        74|      43
      10|SUCCESS| 2|   0|       32| 2|        2|      16000|          2|        2|        75|      73
      79|SUCCESS| 2|   1|       32| 6|        2|      10000|          2|       31|        74|      43
      78|SUCCESS| 2|   1|       32| 5|        2|      10000|          2|       31|        74|      44
     105|SUCCESS| 2|   0|       32| 0|        2|      10000|          2|       41|        77|      37
      61|SUCCESS| 2|   2|       32|11|        2|      10000|          2|       31|        78|      48
      34|SUCCESS| 2|   0|       32| 2|        2|      10000|          2|       23|        79|      56
      84|SUCCESS| 2|   2|       32|11|        2|      10000|          2|       31|        78|      47
     103|SUCCESS| 2|   7|       32|30|        2|      20000|          2|       41|        80|      40
      83|SUCCESS| 2|   2|       32|10|        2|      16000|          2|       31|        81|      50
     115|SUCCESS| 2|   2|       32|11|        2|      10000|          2|       41|        83|      43
     125|SUCCESS| 2|   5|       32|21|        2|      30000|          2|       41|        85|      44
     123|SUCCESS| 2|   4|       32|19|        2|      16000|          2|       41|        86|      45
      96|SUCCESS| 2|   5|       32|23|        2|      30000|          2|       41|        87|      46
      42|SUCCESS| 2|   2|       32|11|        2|      16000|          2|       31|        87|      56
      52|SUCCESS| 2|   0|       32| 1|        2|      10000|          2|       31|        87|      56
     109|SUCCESS| 2|   1|       32| 5|        2|      10000|          2|       41|        88|      47
      76|SUCCESS| 2|   0|       32| 2|        2|      10000|          2|       31|        88|      57
       9|SUCCESS| 2|   0|       32| 1|        2|      20000|          2|        2|        89|      87
     134|SUCCESS| 2|   7|       32|30|        2|      30000|          2|       41|        90|      49
      44|SUCCESS| 2|   3|       32|13|        2|      20000|          2|       31|        92|      62
      56|SUCCESS| 2|   1|       32| 6|        2|      16000|          2|       31|        92|      62
      63|SUCCESS| 2|   3|       32|13|        2|      20000|          2|       31|        93|      62
      32|SUCCESS| 2|   0|       32| 0|        2|      30000|          2|       23|        93|      70
     107|SUCCESS| 2|   0|       32| 2|        2|      10000|          2|       41|        94|      53
     144|SUCCESS| 2|   0|       32| 0|        2|      20000|          2|       41|        95|      54
     118|SUCCESS| 2|   3|       32|14|        2|      16000|          2|       41|        95|      55
     153|SUCCESS| 2|   2|       32|10|        2|      20000|          2|       41|        97|      56
      45|SUCCESS| 2|   3|       32|14|        2|      20000|          2|       31|        97|      66
      64|SUCCESS| 2|   3|       32|14|        2|      20000|          2|       31|        97|      66
      50|SUCCESS| 2|   4|       32|19|        2|      30000|          2|       31|        97|      66
     149|SUCCESS| 2|   1|       32| 6|        2|      16000|          2|       41|       100|      59
      60|SUCCESS| 2|   2|       32|10|        2|      30000|          2|       31|       103|      72
      86|SUCCESS| 2|   3|       32|13|        2|      30000|          2|       31|       104|      73
      48|SUCCESS| 2|   4|       32|17|        2|      30000|          2|       31|       103|      72
      67|SUCCESS| 2|   4|       32|17|        2|      30000|          2|       31|       103|      72
     110|SUCCESS| 2|   1|       32| 6|        2|      20000|          2|       41|       103|      62
      36|SUCCESS| 2|   1|       32| 5|        2|      20000|          2|       31|       108|      77
      55|SUCCESS| 2|   1|       32| 5|        2|      20000|          2|       31|       108|      77
     148|SUCCESS| 2|   1|       32| 5|        2|      20000|          2|       41|       112|      71
      14|SUCCESS| 2|   0|       32| 2|        2|      30000|          2|        2|       112|     110
      75|SUCCESS| 2|   0|       32| 1|        2|      20000|          2|       31|       118|      87
      13|SUCCESS| 2|   0|       32| 1|        2|      30000|          2|        2|       119|     117
      53|SUCCESS| 2|   0|       32| 2|        2|      30000|          2|       31|       121|      90
      33|SUCCESS| 2|   0|       32| 1|        2|      30000|          2|       23|       126|     103
-----------------------------------------------------------------------------------------------------
